%       x1              x2           y1(class 1)    y2(class 2)
  5.7185079e+000  4.6558322e-001  0.0000000e+000  1.0000000e+000
  3.1257550e-001  3.3040069e+000  1.0000000e+000  0.0000000e+000
  7.8441113e+000  1.5223391e+000  0.0000000e+000  1.0000000e+000
  5.0310260e+000  2.0959290e+000  0.0000000e+000  1.0000000e+000
  2.0760526e+000  4.9329206e+000  1.0000000e+000  0.0000000e+000
  1.5802831e+000  2.3814360e+000  1.0000000e+000  0.0000000e+000
  4.7541203e+000  3.2158553e+000  0.0000000e+000  1.0000000e+000
  1.6214942e-001  3.9524703e+000  1.0000000e+000  0.0000000e+000
  2.6582433e+000  1.4036672e+000  0.0000000e+000  1.0000000e+000
  7.2806282e-001  1.9145527e+000  1.0000000e+000  0.0000000e+000
  7.4740092e-001  2.6497901e+000  1.0000000e+000  0.0000000e+000
  5.9432281e+000  1.3243518e+000  0.0000000e+000  1.0000000e+000
  9.9731360e+000  2.3417612e+000  0.0000000e+000  1.0000000e+000
  1.4957489e+000  3.1400233e+000  1.0000000e+000  0.0000000e+000
  4.5862603e+000  8.4228403e-001  0.0000000e+000  1.0000000e+000
  1.1882694e+000  3.6657487e+000  1.0000000e+000  0.0000000e+000
  4.8092352e+000  1.4602541e+000  0.0000000e+000  1.0000000e+000
  3.1244127e+000  1.1545707e+000  0.0000000e+000  1.0000000e+000
  4.3074213e+000  4.1012948e-001  0.0000000e+000  1.0000000e+000
  1.2288340e+000  3.4167237e+000  1.0000000e+000  0.0000000e+000
  1.2509108e+000  2.9831368e+000  1.0000000e+000  0.0000000e+000
  5.3925540e+000  1.7466774e+000  0.0000000e+000  1.0000000e+000
  5.8780839e+000  3.3481866e+000  0.0000000e+000  1.0000000e+000
 -1.0245606e+000  3.4497585e+000  1.0000000e+000  0.0000000e+000
  5.4743023e+000  2.1700448e+000  0.0000000e+000  1.0000000e+000
  4.3652145e-002  2.6860755e+000  1.0000000e+000  0.0000000e+000
  1.8033283e+000  3.0237344e+000  1.0000000e+000  0.0000000e+000
  1.3234801e+000  4.1649246e+000  1.0000000e+000  0.0000000e+000
  5.0649146e+000  2.1332739e+000  0.0000000e+000  1.0000000e+000
  6.9977669e+000  2.6763949e+000  0.0000000e+000  1.0000000e+000
  4.9492885e+000  3.1776480e-001  0.0000000e+000  1.0000000e+000
  1.7458649e+000  2.1781861e+000  1.0000000e+000  0.0000000e+000
  5.5406615e+000  1.9558059e+000  0.0000000e+000  1.0000000e+000
  5.8070639e+000  4.0467534e+000  0.0000000e+000  1.0000000e+000
  1.6926737e+000  4.0654091e+000  1.0000000e+000  0.0000000e+000
  4.9045114e-001  7.4604374e-001  1.0000000e+000  0.0000000e+000
  5.8357056e-001  2.2658173e+000  1.0000000e+000  0.0000000e+000
  1.2705648e+000  3.6395103e+000  1.0000000e+000  0.0000000e+000
  6.9385282e+000  1.9973906e+000  0.0000000e+000  1.0000000e+000
  1.6797159e+000  2.4175585e+000  0.0000000e+000  1.0000000e+000
  8.4937607e-001  3.1476770e+000  1.0000000e+000  0.0000000e+000
  6.0194249e-001  3.2210059e+000  1.0000000e+000  0.0000000e+000
  4.0722689e+000  7.0289921e-001  0.0000000e+000  1.0000000e+000
  2.9518353e+000  1.3869054e+000  0.0000000e+000  1.0000000e+000
  5.3247878e+000  3.0127397e+000  0.0000000e+000  1.0000000e+000
  2.2201031e+000  2.2932836e+000  1.0000000e+000  0.0000000e+000
  3.4757784e+000  3.1082683e+000  1.0000000e+000  0.0000000e+000
 -1.1290892e+000  1.9385785e+000  1.0000000e+000  0.0000000e+000
  1.4110202e+000  3.4357776e+000  1.0000000e+000  0.0000000e+000
 -6.0557509e-001  2.1385650e+000  1.0000000e+000  0.0000000e+000
  4.5468773e+000  1.6411178e+000  0.0000000e+000  1.0000000e+000
  1.7719291e+000  4.2502657e+000  1.0000000e+000  0.0000000e+000
  4.0893705e-001  3.9851523e+000  1.0000000e+000  0.0000000e+000
  4.5660150e-001  3.8425465e+000  1.0000000e+000  0.0000000e+000
  4.9344832e+000  2.9666528e+000  0.0000000e+000  1.0000000e+000
  9.0017975e-001  1.5657491e+000  1.0000000e+000  0.0000000e+000
  8.1189074e+000  4.6388447e+000  0.0000000e+000  1.0000000e+000
  7.2082913e+000  6.4386643e-001  0.0000000e+000  1.0000000e+000
  6.3358103e+000  1.2162292e+000  0.0000000e+000  1.0000000e+000
  3.2355569e+000  2.1006221e+000  0.0000000e+000  1.0000000e+000
  3.6385007e+000  2.1801871e+000  0.0000000e+000  1.0000000e+000
  4.8355552e+000  4.9583580e+000  0.0000000e+000  1.0000000e+000
  4.6411993e+000  1.1309772e+000  0.0000000e+000  1.0000000e+000
  4.2967336e+000  9.0755397e-001  0.0000000e+000  1.0000000e+000
  5.0859245e+000  2.1411983e+000  0.0000000e+000  1.0000000e+000
  2.6758291e-001  2.3878877e+000  1.0000000e+000  0.0000000e+000
  8.6102706e+000  2.3401854e+000  0.0000000e+000  1.0000000e+000
  5.4166485e+000  4.0767103e+000  0.0000000e+000  1.0000000e+000
  5.0625140e-001  2.7990963e+000  1.0000000e+000  0.0000000e+000
  5.6879683e+000  1.9716666e+000  0.0000000e+000  1.0000000e+000
  4.6804108e+000  1.4651982e+000  0.0000000e+000  1.0000000e+000
  9.8218708e-001  2.8070744e+000  1.0000000e+000  0.0000000e+000
  4.2348029e+000  2.7343262e+000  1.0000000e+000  0.0000000e+000
  4.5327240e+000  1.5637495e+000  0.0000000e+000  1.0000000e+000
 -4.5812186e-001  3.0842170e+000  1.0000000e+000  0.0000000e+000
  1.5851220e+000  1.8599115e+000  1.0000000e+000  0.0000000e+000
  3.9144581e+000  2.0236546e+000  0.0000000e+000  1.0000000e+000
  4.4591447e+000  1.4350450e+000  0.0000000e+000  1.0000000e+000
  6.0888287e+000  8.7140114e-001  0.0000000e+000  1.0000000e+000
  4.8360063e+000  3.5247627e+000  0.0000000e+000  1.0000000e+000
  1.9213733e+000  2.3229409e+000  1.0000000e+000  0.0000000e+000
  3.0827233e+000  2.2488313e+000  0.0000000e+000  1.0000000e+000
  3.8488338e+000 -1.3169527e-001  0.0000000e+000  1.0000000e+000
  7.6640845e-001  3.5142038e+000  1.0000000e+000  0.0000000e+000
  3.5936146e-001  4.5056201e+000  1.0000000e+000  0.0000000e+000
  1.0962266e+000  3.6193514e+000  1.0000000e+000  0.0000000e+000
  2.6537306e+000  1.9374393e+000  0.0000000e+000  1.0000000e+000
  3.7490355e+000  2.8099847e+000  0.0000000e+000  1.0000000e+000
  8.7064419e-001  3.9593748e+000  1.0000000e+000  0.0000000e+000
  2.0531461e+000  3.1526066e+000  0.0000000e+000  1.0000000e+000
  1.6047807e+000  3.9162811e+000  1.0000000e+000  0.0000000e+000
  1.1188435e+000  2.6347150e+000  1.0000000e+000  0.0000000e+000
  3.1774988e+000  1.7647154e+000  0.0000000e+000  1.0000000e+000
  8.7448525e-001  2.3463525e+000  1.0000000e+000  0.0000000e+000
  1.3060310e+000  4.5078237e+000  1.0000000e+000  0.0000000e+000
  5.2834886e+000  7.3500179e-001  0.0000000e+000  1.0000000e+000
  7.0186301e+000  1.7053544e+000  0.0000000e+000  1.0000000e+000
  1.3675722e+000  4.2935622e-001  1.0000000e+000  0.0000000e+000
  5.9740322e+000  1.7453829e+000  0.0000000e+000  1.0000000e+000
  4.3978781e-001  3.9477016e+000  1.0000000e+000  0.0000000e+000
 -5.4901687e-001  2.8223597e+000  1.0000000e+000  0.0000000e+000
  2.3774224e+000  3.2712719e+000  1.0000000e+000  0.0000000e+000
  5.8939044e+000  1.8116135e+000  0.0000000e+000  1.0000000e+000
 -3.6144671e-002  3.4532702e+000  1.0000000e+000  0.0000000e+000
 -2.2330614e-001  1.9275596e+000  1.0000000e+000  0.0000000e+000
 -5.8780668e-001  3.3952663e+000  1.0000000e+000  0.0000000e+000
  6.9286011e+000  2.9686942e+000  0.0000000e+000  1.0000000e+000
  1.8675257e+000  4.4371862e+000  1.0000000e+000  0.0000000e+000
  4.0966963e+000  2.0758406e+000  0.0000000e+000  1.0000000e+000
  8.0447131e-002  3.8577256e+000  1.0000000e+000  0.0000000e+000
  1.2290887e+000  1.4132935e+000  1.0000000e+000  0.0000000e+000
  1.5913613e+000  3.0040052e+000  1.0000000e+000  0.0000000e+000
  1.1247521e-003  3.7161876e+000  1.0000000e+000  0.0000000e+000
  3.4535783e+000  1.8548841e+000  0.0000000e+000  1.0000000e+000
  5.5910684e+000  1.2069750e+000  0.0000000e+000  1.0000000e+000
  6.1504693e+000  4.4310346e-001  0.0000000e+000  1.0000000e+000
  4.0627133e+000  2.4949759e+000  0.0000000e+000  1.0000000e+000
  7.2641038e+000  1.4363471e+000  0.0000000e+000  1.0000000e+000
  6.1055487e-001  2.5623748e+000  1.0000000e+000  0.0000000e+000
  2.1690973e+000  3.1225255e+000  0.0000000e+000  1.0000000e+000
  1.1160484e+000  3.3730074e+000  1.0000000e+000  0.0000000e+000
 -9.6351027e-001  3.7808799e+000  1.0000000e+000  0.0000000e+000
  8.5141669e-001  1.8235501e+000  1.0000000e+000  0.0000000e+000
  5.4738200e+000 -3.8821304e-001  0.0000000e+000  1.0000000e+000
  4.2560936e-001  3.3917552e+000  1.0000000e+000  0.0000000e+000
  1.1564535e+000  3.8810770e+000  1.0000000e+000  0.0000000e+000
  2.1600575e+000  4.3228399e+000  1.0000000e+000  0.0000000e+000
  8.0185483e-001  4.8420501e+000  1.0000000e+000  0.0000000e+000
  8.5341400e-001  3.4828241e+000  1.0000000e+000  0.0000000e+000
  5.1909498e+000  2.0769621e+000  0.0000000e+000  1.0000000e+000
  2.3628158e+000  3.1448876e+000  0.0000000e+000  1.0000000e+000
  5.3571509e+000  2.5642606e+000  0.0000000e+000  1.0000000e+000
  5.5642188e+000  3.4632420e+000  0.0000000e+000  1.0000000e+000
  2.8293419e+000  3.9538799e+000  0.0000000e+000  1.0000000e+000
  2.8895838e+000  5.6255193e-001  0.0000000e+000  1.0000000e+000
  5.1442226e-001  4.8579759e+000  1.0000000e+000  0.0000000e+000
  4.2947613e+000  1.5849307e+000  0.0000000e+000  1.0000000e+000
  1.7868134e+000  2.4014346e+000  1.0000000e+000  0.0000000e+000
  2.8628972e+000  2.3596940e+000  1.0000000e+000  0.0000000e+000
  1.1927415e+000  3.7247746e+000  1.0000000e+000  0.0000000e+000
 -8.6019367e-001  3.8854008e+000  1.0000000e+000  0.0000000e+000
  5.5266301e+000  3.6016018e+000  0.0000000e+000  1.0000000e+000
  2.6117864e+000  3.1400894e+000  1.0000000e+000  0.0000000e+000
  1.2027848e+000  1.2467270e+000  0.0000000e+000  1.0000000e+000
  4.4977463e+000  4.6796409e-001  0.0000000e+000  1.0000000e+000
  3.0964962e+000  1.0340027e+000  1.0000000e+000  0.0000000e+000
  2.9849606e+000  3.3090322e+000  0.0000000e+000  1.0000000e+000
  7.1277796e+000  2.1277943e+000  0.0000000e+000  1.0000000e+000
  2.1308381e+000  3.3957023e+000  1.0000000e+000  0.0000000e+000
  6.1445266e+000  1.1073106e+000  0.0000000e+000  1.0000000e+000
 -2.0061928e-001  4.5102840e-001  1.0000000e+000  0.0000000e+000
  6.1321388e+000  2.1112280e+000  0.0000000e+000  1.0000000e+000
  6.1409222e+000  6.0500716e-001  0.0000000e+000  1.0000000e+000
  5.7020850e+000  4.8886670e-002  0.0000000e+000  1.0000000e+000
 -1.4539566e+000  4.1183202e+000  1.0000000e+000  0.0000000e+000
  4.9653683e+000  1.5582643e+000  0.0000000e+000  1.0000000e+000
  6.9563289e+000  1.5273009e+000  0.0000000e+000  1.0000000e+000
  3.7446109e+000  1.9944399e+000  0.0000000e+000  1.0000000e+000
  3.4400481e+000  8.6689102e-001  0.0000000e+000  1.0000000e+000
  5.8986173e+000  3.1634761e+000  0.0000000e+000  1.0000000e+000
  5.9476140e+000  1.6954138e+000  0.0000000e+000  1.0000000e+000
  6.3807792e-001  2.9074127e+000  1.0000000e+000  0.0000000e+000
  3.2283813e+000  3.3387827e+000  1.0000000e+000  0.0000000e+000
 -2.9803342e-001  3.1015048e+000  1.0000000e+000  0.0000000e+000
  5.1886508e-001  2.9631632e+000  1.0000000e+000  0.0000000e+000
  2.4767943e+000  3.3905785e+000  0.0000000e+000  1.0000000e+000
  5.9742543e+000  5.3421929e-001  0.0000000e+000  1.0000000e+000
 -2.9604137e-001  1.7893221e+000  1.0000000e+000  0.0000000e+000
 -2.3902825e-001  2.0275920e+000  1.0000000e+000  0.0000000e+000
  8.7006041e+000  2.8016092e+000  0.0000000e+000  1.0000000e+000
  4.2769383e+000  1.1081235e+000  0.0000000e+000  1.0000000e+000
  5.5944325e+000  3.1029711e+000  0.0000000e+000  1.0000000e+000
  1.8651013e+000  4.3293664e+000  1.0000000e+000  0.0000000e+000
  1.3143360e+000  2.1762909e+000  1.0000000e+000  0.0000000e+000
  5.1492718e+000  1.6345633e+000  0.0000000e+000  1.0000000e+000
  2.2651676e-001  2.0168749e+000  1.0000000e+000  0.0000000e+000
  2.2422896e+000  2.6494691e+000  1.0000000e+000  0.0000000e+000
  4.7782269e+000  1.3905301e+000  0.0000000e+000  1.0000000e+000
  5.4090836e+000  2.8811869e+000  0.0000000e+000  1.0000000e+000
  6.9498712e+000  2.8533282e+000  0.0000000e+000  1.0000000e+000
  8.2018410e+000  1.1355797e+000  0.0000000e+000  1.0000000e+000
  1.3730175e+000  2.9146351e+000  1.0000000e+000  0.0000000e+000
 -2.2349575e-001  3.8219078e+000  1.0000000e+000  0.0000000e+000
  6.1532342e-001  2.5525505e+000  1.0000000e+000  0.0000000e+000
  1.0775198e-001  1.1379987e+000  1.0000000e+000  0.0000000e+000
  1.7687349e+000  4.6506048e+000  1.0000000e+000  0.0000000e+000
  2.9918423e+000  8.7799243e-001  0.0000000e+000  1.0000000e+000
  1.9116432e+000  3.9030219e+000  1.0000000e+000  0.0000000e+000
  2.9450987e+000  1.7602174e+000  0.0000000e+000  1.0000000e+000
  8.2983034e+000  5.3253032e-001  0.0000000e+000  1.0000000e+000
  9.6876355e+000  2.3087174e+000  0.0000000e+000  1.0000000e+000
  2.5032091e+000  3.2492411e+000  1.0000000e+000  0.0000000e+000
 -7.9513364e-001  1.8989958e+000  1.0000000e+000  0.0000000e+000
  1.0344464e+000  2.3789328e+000  1.0000000e+000  0.0000000e+000
  8.5903154e+000  2.7045285e+000  0.0000000e+000  1.0000000e+000
  1.5496739e+000  3.6675295e+000  1.0000000e+000  0.0000000e+000
  1.9519171e+000  1.9673557e+000  1.0000000e+000  0.0000000e+000
 -4.0312834e-001  3.9060076e+000  1.0000000e+000  0.0000000e+000
  1.5306302e+000  2.9521492e+000  1.0000000e+000  0.0000000e+000
  1.1504091e+000  2.3664815e+000  1.0000000e+000  0.0000000e+000
