  1.4356479e+000  3.0312525e+000  1.0000000e+000  0.0000000e+000
  6.2499346e+000 -1.6588903e+000  0.0000000e+000  1.0000000e+000
  5.4739276e+000  2.3078828e+000  1.0000000e+000  0.0000000e+000
  5.7564324e+000  8.5963454e-001  0.0000000e+000  1.0000000e+000
  3.8145378e+000  3.2957747e+000  1.0000000e+000  0.0000000e+000
  6.1796277e+000  1.2238784e+000  0.0000000e+000  1.0000000e+000
  5.3579943e+000  3.0791223e+000  0.0000000e+000  1.0000000e+000
  4.9244075e+000  3.6006589e+000  0.0000000e+000  1.0000000e+000
  7.4967355e+000  4.0632531e+000  0.0000000e+000  1.0000000e+000
  5.2329492e+000 -7.4225222e-001  0.0000000e+000  1.0000000e+000
  5.3700727e+000  4.0559795e+000  1.0000000e+000  0.0000000e+000
 -1.0135185e+000  4.5974774e+000  1.0000000e+000  0.0000000e+000
  4.5932528e+000 -1.1765028e+000  0.0000000e+000  1.0000000e+000
  1.3720287e+000  3.5878619e+000  1.0000000e+000  0.0000000e+000
  4.2958191e+000  3.0171609e+000  0.0000000e+000  1.0000000e+000
 -2.2357199e+000  3.3933126e+000  1.0000000e+000  0.0000000e+000
  4.4248374e+000  3.9057677e+000  0.0000000e+000  1.0000000e+000
  5.2103443e+000  5.0249180e-001  0.0000000e+000  1.0000000e+000
  1.6507199e+000  3.1881023e+000  1.0000000e+000  0.0000000e+000
  6.1209017e+000  2.1968701e+000  0.0000000e+000  1.0000000e+000
 -1.7895924e+000  4.2591636e+000  1.0000000e+000  0.0000000e+000
  5.8229558e+000  2.6491253e+000  0.0000000e+000  1.0000000e+000
  5.0833298e+000  4.3625975e+000  0.0000000e+000  1.0000000e+000
  4.6806280e+000  3.7348745e+000  0.0000000e+000  1.0000000e+000
  3.7542825e+000  4.3408612e-001  0.0000000e+000  1.0000000e+000
 -8.4317200e-001  3.2845304e+000  1.0000000e+000  0.0000000e+000
  4.1649588e+000 -8.8190038e-001  0.0000000e+000  1.0000000e+000
  3.2725243e+000  1.7716745e+000  1.0000000e+000  0.0000000e+000
  3.6035588e+000 -1.4483153e+000  0.0000000e+000  1.0000000e+000
  4.7362911e+000  2.8217143e+000  0.0000000e+000  1.0000000e+000
  3.2266737e+000 -8.1877883e-002  0.0000000e+000  1.0000000e+000
  5.3124192e+000  6.6729707e-001  0.0000000e+000  1.0000000e+000
  6.5444916e-002  2.7913884e+000  1.0000000e+000  0.0000000e+000
  4.2048637e+000  3.3011149e+000  0.0000000e+000  1.0000000e+000
  3.0705612e+000  3.9180847e+000  0.0000000e+000  1.0000000e+000
  3.7904268e+000  1.9782303e+000  0.0000000e+000  1.0000000e+000
  2.8718445e+000  2.8515603e+000  1.0000000e+000  0.0000000e+000
  4.2448897e+000  2.2599394e+000  0.0000000e+000  1.0000000e+000
  6.1949530e+000  5.2092884e-002  0.0000000e+000  1.0000000e+000
  2.8157000e+000  2.4937692e+000  1.0000000e+000  0.0000000e+000
  3.9243294e-001  4.6165074e+000  1.0000000e+000  0.0000000e+000
  6.6608588e+000  1.8097059e+000  0.0000000e+000  1.0000000e+000
  4.0897695e-001  4.7070384e+000  1.0000000e+000  0.0000000e+000
  2.7047961e+000  3.0096372e+000  1.0000000e+000  0.0000000e+000
 -7.5658440e-001  2.8598119e+000  1.0000000e+000  0.0000000e+000
  4.6082549e+000  1.6658379e+000  1.0000000e+000  0.0000000e+000
 -2.7467554e-001  2.0469590e+000  1.0000000e+000  0.0000000e+000
  5.5721824e+000  2.5379361e+000  0.0000000e+000  1.0000000e+000
  4.4846507e-001  2.9433558e+000  1.0000000e+000  0.0000000e+000
  3.7094827e-001  3.8845665e+000  1.0000000e+000  0.0000000e+000
  3.8610983e+000  2.5722084e+000  1.0000000e+000  0.0000000e+000
  5.9780565e+000  4.0721411e+000  0.0000000e+000  1.0000000e+000
  6.0885690e-001  1.8491642e+000  1.0000000e+000  0.0000000e+000
  4.5907046e+000  1.4880505e+000  0.0000000e+000  1.0000000e+000
 -2.6215415e+000  4.4454955e+000  1.0000000e+000  0.0000000e+000
  6.2682089e+000  4.7094975e+000  0.0000000e+000  1.0000000e+000
  1.6700626e+000  4.3568658e+000  1.0000000e+000  0.0000000e+000
  1.8676195e+000  3.5957973e+000  1.0000000e+000  0.0000000e+000
  3.3139646e+000  2.7848673e+000  1.0000000e+000  0.0000000e+000
  3.3491266e+000  2.1224750e+000  1.0000000e+000  0.0000000e+000
  4.8271462e+000  4.8060522e+000  0.0000000e+000  1.0000000e+000
 -1.6764090e-001  3.3946363e+000  1.0000000e+000  0.0000000e+000
  1.6605105e+000  2.4143356e+000  1.0000000e+000  0.0000000e+000
 -7.5541619e-001  1.6985864e+000  1.0000000e+000  0.0000000e+000
  3.0205557e+000  1.7704083e+000  0.0000000e+000  1.0000000e+000
  4.3097254e+000  8.0896578e+000  0.0000000e+000  1.0000000e+000
  4.2018291e+000  4.4691075e-001  0.0000000e+000  1.0000000e+000
  2.8076934e-001  4.8506282e-001  1.0000000e+000  0.0000000e+000
  3.5590432e-001  2.4248084e+000  1.0000000e+000  0.0000000e+000
  3.4726823e+000  3.0319764e+000  1.0000000e+000  0.0000000e+000
  8.5716928e-001  3.2360737e+000  1.0000000e+000  0.0000000e+000
  4.5930425e+000  4.1040979e+000  0.0000000e+000  1.0000000e+000
  2.5087688e+000  2.7639113e+000  1.0000000e+000  0.0000000e+000
  8.3952531e-001  4.4261741e+000  1.0000000e+000  0.0000000e+000
 -4.7293363e+000  2.7722170e+000  1.0000000e+000  0.0000000e+000
  5.5826220e+000  4.0092244e+000  0.0000000e+000  1.0000000e+000
  5.4846099e+000  1.0040344e+000  0.0000000e+000  1.0000000e+000
 -9.2626634e-002  2.6677424e+000  1.0000000e+000  0.0000000e+000
 -5.0294015e-001  1.9956721e+000  1.0000000e+000  0.0000000e+000
  2.2864998e+000  1.6801956e+000  1.0000000e+000  0.0000000e+000
  5.0679202e+000  4.1574508e+000  0.0000000e+000  1.0000000e+000
  1.9607506e-001  1.6124237e+000  1.0000000e+000  0.0000000e+000
  5.9109324e+000  1.4736106e+000  0.0000000e+000  1.0000000e+000
  5.6390965e+000  8.6429132e-001  0.0000000e+000  1.0000000e+000
 -2.9851948e-001  4.1497186e+000  1.0000000e+000  0.0000000e+000
  5.0102710e+000  1.7551283e+000  0.0000000e+000  1.0000000e+000
  3.7656849e+000  3.7490323e-001  0.0000000e+000  1.0000000e+000
  8.9676693e-001  4.2074874e+000  1.0000000e+000  0.0000000e+000
 -1.4562015e-001  2.1614493e+000  1.0000000e+000  0.0000000e+000
  4.2791108e+000  2.0434999e-001  0.0000000e+000  1.0000000e+000
  7.2385404e+000  3.6321135e+000  0.0000000e+000  1.0000000e+000
  3.2566670e+000  2.9942040e+000  1.0000000e+000  0.0000000e+000
  3.5043567e+000  4.1652795e+000  1.0000000e+000  0.0000000e+000
 -3.7575047e-001  3.7238941e+000  1.0000000e+000  0.0000000e+000
 -8.7166978e-001  3.4716132e+000  1.0000000e+000  0.0000000e+000
  3.1107192e+000  2.0007940e+000  1.0000000e+000  0.0000000e+000
  1.8826272e+000  3.0442617e+000  1.0000000e+000  0.0000000e+000
  4.5141598e+000  3.8310794e+000  0.0000000e+000  1.0000000e+000
  7.1104537e+000  2.2856253e+000  0.0000000e+000  1.0000000e+000
  2.6133415e+000  2.3365011e+000  1.0000000e+000  0.0000000e+000
  1.1479012e+000  4.1463674e+000  1.0000000e+000  0.0000000e+000
  5.6528426e+000  6.5760840e-001  0.0000000e+000  1.0000000e+000
  6.8038620e+000  3.0281156e+000  0.0000000e+000  1.0000000e+000
  6.0385401e+000  2.4336601e+000  0.0000000e+000  1.0000000e+000
  4.8383094e+000  7.5987819e-001  0.0000000e+000  1.0000000e+000
  5.5166303e+000  4.4975767e+000  0.0000000e+000  1.0000000e+000
  4.8301624e+000  1.6399934e+000  0.0000000e+000  1.0000000e+000
  4.9280381e+000  3.7818253e+000  0.0000000e+000  1.0000000e+000
  1.0862452e+000  2.5558508e+000  1.0000000e+000  0.0000000e+000
  4.5384087e+000  3.1599637e+000  0.0000000e+000  1.0000000e+000
  3.5620119e+000  3.4438438e+000  1.0000000e+000  0.0000000e+000
  1.2310601e-001  4.7786287e+000  1.0000000e+000  0.0000000e+000
  2.1663300e+000  2.2334752e+000  1.0000000e+000  0.0000000e+000
  5.7681774e+000  6.6704921e+000  0.0000000e+000  1.0000000e+000
  4.9449369e+000  2.6880147e+000  0.0000000e+000  1.0000000e+000
  2.6532300e-002  1.9285846e+000  1.0000000e+000  0.0000000e+000
  4.8738918e+000  2.0058326e+000  0.0000000e+000  1.0000000e+000
 -4.8138323e-001  4.6253653e+000  1.0000000e+000  0.0000000e+000
  2.7920705e+000 -6.8256838e-001  0.0000000e+000  1.0000000e+000
 -2.5271413e+000  4.0075181e+000  1.0000000e+000  0.0000000e+000
  2.0090577e+000  9.0522388e-001  1.0000000e+000  0.0000000e+000
 -5.6947680e-001  4.0887044e+000  1.0000000e+000  0.0000000e+000
  2.4377837e+000  2.8445078e+000  1.0000000e+000  0.0000000e+000
  1.8978727e+000  1.6046098e+000  1.0000000e+000  0.0000000e+000
  4.7451450e+000  3.9169024e+000  0.0000000e+000  1.0000000e+000
  3.0453579e+000  3.4432173e+000  1.0000000e+000  0.0000000e+000
 -4.9785878e-002  2.2559939e+000  1.0000000e+000  0.0000000e+000
  4.7091124e+000  2.9755486e+000  0.0000000e+000  1.0000000e+000
  2.3666400e+000  4.5293335e+000  1.0000000e+000  0.0000000e+000
  2.2654400e+000  1.0044868e+000  1.0000000e+000  0.0000000e+000
  2.6871447e+000  2.0164594e+000  1.0000000e+000  0.0000000e+000
  4.1617690e+000  3.4937219e+000  1.0000000e+000  0.0000000e+000
  5.2935932e+000  3.1237838e+000  0.0000000e+000  1.0000000e+000
  1.2337271e+000  3.0138218e+000  1.0000000e+000  0.0000000e+000
  4.6082668e+000 -1.2566271e+000  0.0000000e+000  1.0000000e+000
  4.8263234e+000  9.7696190e-001  0.0000000e+000  1.0000000e+000
  3.9790705e+000  8.0012358e-001  0.0000000e+000  1.0000000e+000
  4.5527260e+000  5.2752193e+000  0.0000000e+000  1.0000000e+000
 -6.3661942e-001  2.3155189e+000  1.0000000e+000  0.0000000e+000
  5.7123535e+000 -1.3085592e+000  0.0000000e+000  1.0000000e+000
  2.7632837e+000  3.7391565e+000  1.0000000e+000  0.0000000e+000
  2.0969961e+000  2.5105997e+000  1.0000000e+000  0.0000000e+000
 -2.9669148e+000  1.9938189e+000  1.0000000e+000  0.0000000e+000
  5.0267788e+000  1.1047008e+000  0.0000000e+000  1.0000000e+000
  1.6784589e+000  2.8322952e+000  1.0000000e+000  0.0000000e+000
  3.9705331e+000  6.0100180e+000  0.0000000e+000  1.0000000e+000
  4.1996635e+000  3.4427059e+000  0.0000000e+000  1.0000000e+000
  2.1696164e-001  2.4508583e+000  1.0000000e+000  0.0000000e+000
  1.5359108e+000  2.6727570e+000  1.0000000e+000  0.0000000e+000
  4.7096394e+000  3.5249991e+000  0.0000000e+000  1.0000000e+000
  3.4242709e+000  2.8986453e+000  1.0000000e+000  0.0000000e+000
  2.0436369e+000  4.8383613e+000  1.0000000e+000  0.0000000e+000
  3.2673167e+000  2.5355582e+000  1.0000000e+000  0.0000000e+000
  5.6480332e+000  3.5675513e+000  0.0000000e+000  1.0000000e+000
  3.5584131e+000  2.6062767e+000  0.0000000e+000  1.0000000e+000
 -2.7605355e-002  4.2437314e+000  1.0000000e+000  0.0000000e+000
  5.1090730e+000  3.3887799e+000  0.0000000e+000  1.0000000e+000
  3.7218938e+000  3.1865059e+000  0.0000000e+000  1.0000000e+000
 -1.5441880e+000  4.2510123e+000  1.0000000e+000  0.0000000e+000
  1.3427542e-002  2.1453822e+000  1.0000000e+000  0.0000000e+000
  4.9672963e+000  1.9671702e+000  0.0000000e+000  1.0000000e+000
  3.9055643e+000  4.5212470e-001  0.0000000e+000  1.0000000e+000
  4.8798211e+000  6.9621874e-002  0.0000000e+000  1.0000000e+000
  4.3305093e+000  1.8299933e+000  0.0000000e+000  1.0000000e+000
  3.6743427e+000  3.1262771e+000  0.0000000e+000  1.0000000e+000
 -2.5950514e+000  1.8928968e+000  1.0000000e+000  0.0000000e+000
  5.0797183e+000  2.2806133e+000  0.0000000e+000  1.0000000e+000
 -3.4030260e+000  1.5893683e+000  1.0000000e+000  0.0000000e+000
  5.4334304e+000 -1.5357129e-001  0.0000000e+000  1.0000000e+000
 -8.0491017e-002  3.1539586e+000  1.0000000e+000  0.0000000e+000
  4.4322933e+000 -1.1824460e+000  0.0000000e+000  1.0000000e+000
 -5.7714920e-001  4.3099287e+000  1.0000000e+000  0.0000000e+000
 -7.5238712e-001  4.7009973e+000  1.0000000e+000  0.0000000e+000
  4.6326777e+000 -7.3505139e-001  0.0000000e+000  1.0000000e+000
  5.3322291e+000  1.7726275e+000  0.0000000e+000  1.0000000e+000
  5.0208765e+000  7.1469311e-001  0.0000000e+000  1.0000000e+000
 -3.1099160e-001  2.6331410e+000  1.0000000e+000  0.0000000e+000
  1.3346763e+000  3.7464628e+000  1.0000000e+000  0.0000000e+000
  6.3261544e+000 -2.1137523e+000  0.0000000e+000  1.0000000e+000
  8.2481899e-001  2.0634105e+000  1.0000000e+000  0.0000000e+000
  4.4026540e+000  6.7106416e-002  0.0000000e+000  1.0000000e+000
  5.5957289e+000  3.6298683e+000  0.0000000e+000  1.0000000e+000
  4.9919384e+000 -2.2831639e+000  0.0000000e+000  1.0000000e+000
  4.3578021e+000  3.2164377e+000  0.0000000e+000  1.0000000e+000
  1.2415558e+000  2.4732881e+000  1.0000000e+000  0.0000000e+000
  5.3645868e+000 -2.3456613e-001  0.0000000e+000  1.0000000e+000
  3.1765477e+000  2.7132261e+000  0.0000000e+000  1.0000000e+000
  5.2965900e+000  2.6721872e-001  0.0000000e+000  1.0000000e+000
  4.9430937e+000  4.2199520e+000  0.0000000e+000  1.0000000e+000
  1.2958198e+000  6.3343691e+000  1.0000000e+000  0.0000000e+000
  2.1522088e+000  3.7221836e+000  1.0000000e+000  0.0000000e+000
  4.6266624e+000  2.5064580e+000  0.0000000e+000  1.0000000e+000
  6.3383540e+000  1.2052615e+000  0.0000000e+000  1.0000000e+000
  4.3516669e+000  2.8404757e+000  1.0000000e+000  0.0000000e+000
  4.4259798e+000  1.2370508e+000  0.0000000e+000  1.0000000e+000
 -9.0828499e-001  3.2473945e+000  1.0000000e+000  0.0000000e+000
  5.2852649e+000  1.4683151e+000  0.0000000e+000  1.0000000e+000
 -2.6171600e+000  3.0720907e+000  1.0000000e+000  0.0000000e+000
 -9.5348972e-001  4.8334209e+000  1.0000000e+000  0.0000000e+000
  5.0969516e+000  1.9840571e+000  0.0000000e+000  1.0000000e+000
