   2.5260930e+00   3.2105045e-01   0.0000000e+00
   3.6695447e-01   3.1462099e-02   0.0000000e+00
   7.6821908e-01   7.1748617e-01   0.0000000e+00
   6.9343568e-01   7.7719403e-01   0.0000000e+00
  -1.9836616e-02   8.6725374e-01   0.0000000e+00
   2.1965449e+00  -1.0230141e+00   0.0000000e+00
  -1.0915916e-01  -5.3062108e-01   0.0000000e+00
  -9.1262006e-01   1.2162164e+00   0.0000000e+00
   2.4998427e+00  -4.1827790e-01   0.0000000e+00
   1.8977091e+00   9.7375550e-01   0.0000000e+00
  -2.9536235e-01   9.6731680e-03   0.0000000e+00
  -6.8159574e-01  -5.5165028e-01   0.0000000e+00
   2.4909787e+00   1.1483153e+00   0.0000000e+00
  -5.3430597e-02   4.8410246e-01   0.0000000e+00
   6.8761759e-01   7.0500482e-01   0.0000000e+00
   1.2795595e+00  -2.7103329e-01   0.0000000e+00
  -3.1300748e-01   1.2737473e+00   0.0000000e+00
   2.8130386e+00   1.1677597e+00   0.0000000e+00
   3.1998815e-01   1.7201649e-02   0.0000000e+00
   4.3754238e-01   4.1364801e-01   0.0000000e+00
   2.4329394e+00  -1.3143631e+00   0.0000000e+00
  -4.2964959e-01  -3.0981122e-01   0.0000000e+00
   2.4872840e-01   8.5551988e-01   0.0000000e+00
   2.6939368e+00  -1.9998534e+00   0.0000000e+00
   1.4671092e+00   1.8775907e+00   0.0000000e+00
   1.0406973e+00  -8.5187569e-02   0.0000000e+00
   3.3318463e-02   1.9302575e+00   0.0000000e+00
   1.7256814e+00  -4.5595914e-01   0.0000000e+00
   1.1494807e+00  -9.1979029e-01   0.0000000e+00
   2.1268685e+00   1.1541800e+00   0.0000000e+00
   2.9881265e+00   6.7235066e-01   0.0000000e+00
   1.0718661e+00  -1.6430184e+00   0.0000000e+00
   1.0848273e+00   1.0297532e-01   0.0000000e+00
   2.6744225e-01   3.6282638e-01   0.0000000e+00
   1.2828789e+00   1.2769012e+00   0.0000000e+00
   1.2998562e-01   5.4417770e-01   0.0000000e+00
   2.4898060e+00   1.3585099e+00   0.0000000e+00
   8.1842999e-01   3.7900042e-01   0.0000000e+00
   1.5322579e+00  -1.0821643e+00   0.0000000e+00
   7.0854292e-01   2.2464061e-02   0.0000000e+00
   1.5209143e+00  -7.4285149e-01   0.0000000e+00
   8.8755879e-01   8.8355217e-01   0.0000000e+00
   1.5769765e+00  -7.4493360e-01   0.0000000e+00
   2.3427655e+00   3.5847777e-01   0.0000000e+00
  -1.9127236e-01   2.4936857e+00   0.0000000e+00
   1.7491880e+00  -3.5791593e-01   0.0000000e+00
  -8.4036905e-01   1.8817413e+00   0.0000000e+00
   9.4618386e-01   7.3293605e-02   0.0000000e+00
   9.1527724e-01  -9.0175935e-01   0.0000000e+00
   1.3487005e+00   7.0452553e-02   0.0000000e+00
   2.9298637e+00   7.3889252e-01   0.0000000e+00
   3.2320661e-01   2.8795924e-01   0.0000000e+00
   2.0714150e+00  -8.3041476e-01   0.0000000e+00
  -3.0227466e-01   8.8623261e-01   0.0000000e+00
   1.9228253e-01  -4.7944655e-01   0.0000000e+00
  -7.2707716e-01   1.4573610e+00   0.0000000e+00
   1.3434747e-01   9.0167579e-01   0.0000000e+00
  -7.7114461e-02   5.0512168e-01   0.0000000e+00
   2.7107636e+00   8.7664480e-01   0.0000000e+00
   4.1707462e+00   1.0798338e+00   0.0000000e+00
   3.2576898e-01   3.4799580e-01   0.0000000e+00
   2.0519013e-01   2.4538878e+00   0.0000000e+00
   1.6401575e+00   1.6085369e+00   0.0000000e+00
  -7.9583353e-02   3.2331198e-01   0.0000000e+00
   2.7420924e+00  -1.6003528e+00   0.0000000e+00
   3.1078504e-01   2.0079817e+00   0.0000000e+00
   2.2900424e+00   1.3738975e-01   0.0000000e+00
   6.5990623e-01  -1.2416367e+00   0.0000000e+00
   5.1642908e-01   5.2515156e-01   0.0000000e+00
   2.4829420e+00  -7.3717646e-01   0.0000000e+00
   1.0531888e+00  -9.0356559e-01   0.0000000e+00
   1.7152333e+00  -1.0147268e+00   0.0000000e+00
   1.2106245e+00  -1.0915039e-01   0.0000000e+00
   1.0720359e+00  -1.6520465e-01   0.0000000e+00
   8.7870659e-01  -7.8713492e-01   0.0000000e+00
   9.5126510e-01  -1.0958898e+00   0.0000000e+00
   4.2547568e-01   1.8489862e-01   0.0000000e+00
   2.1251048e+00  -7.6184714e-01   0.0000000e+00
   8.7614787e-02  -7.3334741e-01   0.0000000e+00
   2.2852650e+00   1.0089930e+00   0.0000000e+00
   4.7080879e-01   2.5438551e-02   0.0000000e+00
   3.6115747e+00   4.9053602e-01   0.0000000e+00
   2.5768434e+00  -1.4356821e+00   0.0000000e+00
   1.8168252e+00  -1.1617428e+00   0.0000000e+00
   2.8920253e+00   1.6257830e+00   0.0000000e+00
   9.1682299e-01  -4.8192076e-01   0.0000000e+00
  -7.4079101e-02   9.1970224e-01   0.0000000e+00
   5.7429065e-01  -4.5465741e-01   0.0000000e+00
  -5.8904584e-01   2.0732355e-01   0.0000000e+00
   2.6245780e+00  -1.4062595e+00   0.0000000e+00
   6.6332192e-02   1.5808054e+00   0.0000000e+00
   1.6428446e+00  -2.8387856e-01   0.0000000e+00
   2.5514462e+00   1.4181804e+00   0.0000000e+00
   1.4195370e+00  -2.9746130e-02   0.0000000e+00
  -7.1528384e-01   1.1078836e+00   0.0000000e+00
   4.3450130e-01  -6.4545302e-02   0.0000000e+00
   2.3437306e+00   9.1097847e-01   0.0000000e+00
   2.2627141e+00   6.9360157e-01   0.0000000e+00
   9.5383348e-01   3.2603429e-01   0.0000000e+00
   1.2971673e+00  -1.1135412e+00   0.0000000e+00
   1.8708997e+00   6.5456444e-01   1.0000000e+00
   3.6378630e+00   1.0391674e+00   1.0000000e+00
   3.5292642e+00   9.5999056e-01   1.0000000e+00
  -2.0068316e-01   2.2815850e+00   1.0000000e+00
   1.0769570e+00  -3.3073523e-01   1.0000000e+00
  -4.0076172e-01   5.8584389e-01   1.0000000e+00
  -3.6877579e-01   1.0389227e+00   1.0000000e+00
   1.6132127e+00   1.8600810e+00   1.0000000e+00
   1.3012024e+00   7.2579960e-01   1.0000000e+00
   1.2387700e+00   1.0522357e+00   1.0000000e+00
   1.4860048e+00   1.7148597e+00   1.0000000e+00
   1.0987348e+00   9.6194801e-01   1.0000000e+00
   6.9222003e-01   2.2552675e+00   1.0000000e+00
   1.0797572e+00   7.4226795e-01   1.0000000e+00
  -2.0733187e+00   1.7354238e+00   1.0000000e+00
  -2.0175707e+00   2.7203768e+00   1.0000000e+00
   1.3511036e+00   6.4970558e-01   1.0000000e+00
   5.2869809e-01   1.6475756e+00   1.0000000e+00
   1.7417421e+00   1.3573816e+00   1.0000000e+00
   7.5253294e-01   8.0905015e-01   1.0000000e+00
  -1.5282241e-01   2.4331157e+00   1.0000000e+00
  -1.2648608e+00   1.3840688e+00   1.0000000e+00
   1.3344110e+00  -2.9444096e-01   1.0000000e+00
   1.2240542e+00   4.7074712e-01   1.0000000e+00
  -1.4646909e+00   2.4739222e+00   1.0000000e+00
   1.6238018e+00   2.4093694e-01   1.0000000e+00
  -2.1692015e+00   2.0759044e+00   1.0000000e+00
   4.8874650e-01   2.1420417e+00   1.0000000e+00
  -1.1365391e+00   2.0526862e+00   1.0000000e+00
  -2.3038628e+00   2.2074889e+00   1.0000000e+00
  -1.9593015e-02   1.8052994e+00   1.0000000e+00
  -1.5291056e+00   2.6645283e+00   1.0000000e+00
  -7.1295170e-02   1.4605434e+00   1.0000000e+00
   8.8023087e-01   1.2428694e+00   1.0000000e+00
   1.3973130e-02   1.2831859e+00   1.0000000e+00
   4.3358288e-01   1.2613655e+00   1.0000000e+00
   1.2693169e+00   1.6330626e+00   1.0000000e+00
   1.4321360e+00   3.0647508e-01   1.0000000e+00
  -1.6752386e-01   2.7751925e+00   1.0000000e+00
  -7.1974368e-02   1.4279128e+00   1.0000000e+00
  -3.1164798e-01   2.0410985e+00   1.0000000e+00
   2.2287164e+00   9.3622331e-01   1.0000000e+00
  -1.7769261e+00   2.1088049e+00   1.0000000e+00
   1.0474576e+00   1.0399962e+00   1.0000000e+00
  -8.0429385e-01   1.1356684e+00   1.0000000e+00
   1.0583486e+00   1.4898296e+00   1.0000000e+00
   6.1145537e-02   8.0142271e-01   1.0000000e+00
   1.2502139e-01   1.1655939e+00   1.0000000e+00
  -2.4774176e+00   1.0265062e+00   1.0000000e+00
   1.4424426e+00   1.5454767e+00   1.0000000e+00
   1.0284643e+00   1.5509856e+00   1.0000000e+00
  -5.8235668e-01   1.7188854e+00   1.0000000e+00
  -1.9607797e+00   2.0022742e+00   1.0000000e+00
   2.8879470e+00   2.0693004e-02   1.0000000e+00
   1.3913517e+00   8.1372172e-01   1.0000000e+00
  -1.7962866e+00   7.7173149e-01   1.0000000e+00
   3.1669716e+00   5.5694663e-01   1.0000000e+00
  -4.8729265e-01   9.7911050e-01   1.0000000e+00
   5.0811807e-01   1.7572320e+00   1.0000000e+00
   1.5913248e+00   2.1521163e-01   1.0000000e+00
   1.3857716e+00   1.2012217e+00   1.0000000e+00
   5.6681731e-01  -1.6610305e-01   1.0000000e+00
  -3.7030959e-01   2.8558050e+00   1.0000000e+00
   1.9265718e+00   1.5086435e-01   1.0000000e+00
  -5.7042950e-01   1.0903140e+00   1.0000000e+00
   3.5031265e+00   1.2239819e+00   1.0000000e+00
   1.5108277e+00   2.4778653e+00   1.0000000e+00
  -3.6949335e-01   1.3846002e+00   1.0000000e+00
   1.5223104e+00   1.8615614e-01   1.0000000e+00
   5.6184431e-02   2.5192581e+00   1.0000000e+00
   5.7187234e-01   1.5779422e+00   1.0000000e+00
   5.2446830e-03   2.1256072e+00   1.0000000e+00
   1.1266448e+00   6.6591240e-01   1.0000000e+00
   1.9454294e+00   4.8108050e-01   1.0000000e+00
   1.2444384e+00   8.5232269e-01   1.0000000e+00
  -4.1444166e-01   1.0581472e+00   1.0000000e+00
  -2.5713628e-01   1.0851839e+00   1.0000000e+00
   1.2874218e+00   2.7258476e-01   1.0000000e+00
   1.4362781e+00   1.1747713e+00   1.0000000e+00
  -1.2564417e+00   2.1815498e+00   1.0000000e+00
   1.2702896e+00   1.7041398e+00   1.0000000e+00
   2.5888076e-01   1.1700553e+00   1.0000000e+00
   1.5182940e+00   3.6173417e-01   1.0000000e+00
   8.4069745e-01   1.5654750e+00   1.0000000e+00
  -2.6475668e-01   1.4918324e+00   1.0000000e+00
  -6.6844548e-01   1.1039144e+00   1.0000000e+00
   1.4862477e+00   9.1818047e-01   1.0000000e+00
   2.5943357e-01   1.2503579e+00   1.0000000e+00
   3.5606130e+00   1.3989888e+00   1.0000000e+00
  -1.1627631e+00   1.2509708e+00   1.0000000e+00
  -1.0217841e+00   2.4219165e+00   1.0000000e+00
  -1.1692586e+00   8.1296762e-01   1.0000000e+00
   2.0545612e-01   2.6885576e+00   1.0000000e+00
  -2.5208197e+00   2.0150332e+00   1.0000000e+00
   4.5534178e-01   4.0403797e-01   1.0000000e+00
   2.5675022e-01   2.2936046e+00   1.0000000e+00
   1.9251734e+00   1.6505264e-01   1.0000000e+00
   1.3019410e+00   9.9219962e-01   1.0000000e+00
   8.1305560e-03   2.2422639e+00   1.0000000e+00
  -1.9624633e-01   5.5140356e-01   1.0000000e+00
